0 0 50 0 0 0 0 0 0 0 0 0 0 0 150
0 0 0 100 50 30 0 0 0 0 0 0 0 0 0
70 0 0 0 55 0 0 0 80 0 0 0 0 0 0
0 70 0 0 0 60 0 0 0 0 0 0 90 0 0
0 35 65 0 0 0 85 0 0 0 40 0 0 0 0
0 30 0 40 0 0 0 0 0 75 80 0 0 0 0
0 0 0 0 55 0 0 90 0 0 0 0 0 60 0
0 0 0 0 0 0 100 0 0 140 0 170 0 0 0
0 0 75 0 0 0 0 0 0 0 0 0 105 85 0
0 0 0 0 0 35 0 115 0 0 0 0 0 0 0
0 0 0 0 0 55 45 0 0 0 0 0 0 100 0
0 0 0 0 0 0 0 150 0 0 0 0 0 0 0
0 0 0 35 0 0 0 0 80 0 0 0 0 0 75
0 0 0 0 0 0 90 0 75 0 55 0 0 0 0
95 0 0 0 0 0 0 0 0 0 0 0 45 0 0